wlim =

   57.7473, 60.9861, 62.3360, 63.2629, 63.8169, 63.9373, 62.5387, 61.9276


blim =

   52.5854, 54.8545, 55.8134, 56.1346, 56.9472, 57.0440, 56.0649, 56.0294

Based on ‘bfw_calib_smr15.m’